*** SPRNt Results. Netlist: "m9.spt" Epoch: "1970-01-01T00:00:00Z" Reqested Tstop: 1 hr 40 min
*** id time(min) flow(m3/s) wet_a(m2) depth(m) surf_elev(m)
1   0.00 1.000000e+00 9.309083e+01 1.768735e+01 7.176874e+02
2   0.00 9.999996e-01 1.175775e+02 1.436734e+01 7.176873e+02
3   0.00 9.999994e-01 5.352934e+01 1.104729e+01 7.176873e+02
4   0.00 9.999997e-01 3.758161e+01 7.727154e+00 7.176872e+02
5   0.00 1.000000e+00 1.411366e+01 4.406230e+00 7.176863e+02
6   0.00 1.000001e+00 1.500001e+00 1.000001e+00 7.176000e+02
*** id time(min) flow(m3/s) wet_a(m2) depth(m) surf_elev(m)
1   1.00 1.049999e+00 9.309396e+01 1.768788e+01 7.176879e+02
2   1.00 1.025191e+00 1.175819e+02 1.436762e+01 7.176876e+02
3   1.00 1.007832e+00 5.353023e+01 1.104744e+01 7.176875e+02
4   1.00 1.002874e+00 3.758221e+01 7.727222e+00 7.176872e+02
5   1.00 1.000450e+00 1.411379e+01 4.406254e+00 7.176863e+02
6   1.00 1.000020e+00 1.500001e+00 1.000001e+00 7.176000e+02
*** id time(min) flow(m3/s) wet_a(m2) depth(m) surf_elev(m)
1   2.00 1.100000e+00 9.309725e+01 1.768843e+01 7.176884e+02
2   2.00 1.062808e+00 1.175897e+02 1.436813e+01 7.176881e+02
3   2.00 1.028455e+00 5.353267e+01 1.104785e+01 7.176879e+02
4   2.00 1.012780e+00 3.758447e+01 7.727482e+00 7.176875e+02
5   2.00 1.002764e+00 1.411453e+01 4.406392e+00 7.176864e+02
6   2.00 1.000284e+00 1.500001e+00 1.000001e+00 7.176000e+02
*** id time(min) flow(m3/s) wet_a(m2) depth(m) surf_elev(m)
1   3.00 1.150000e+00 9.310125e+01 1.768910e+01 7.176891e+02
2   3.00 1.102796e+00 1.175999e+02 1.436879e+01 7.176888e+02
3   3.00 1.056597e+00 5.353636e+01 1.104847e+01 7.176885e+02
4   3.00 1.029510e+00 3.758890e+01 7.727989e+00 7.176880e+02
5   3.00 1.008090e+00 1.411653e+01 4.406760e+00 7.176868e+02
6   3.00 1.001446e+00 1.500001e+00 1.000001e+00 7.176000e+02
*** id time(min) flow(m3/s) wet_a(m2) depth(m) surf_elev(m)
1   4.00 1.200000e+00 9.310602e+01 1.768990e+01 7.176899e+02
2   4.00 1.143178e+00 1.176122e+02 1.436959e+01 7.176896e+02
3   4.00 1.086641e+00 5.354105e+01 1.104926e+01 7.176893e+02
4   4.00 1.049392e+00 3.759539e+01 7.728733e+00 7.176888e+02
5   4.00 1.015995e+00 1.412006e+01 4.407414e+00 7.176874e+02
6   4.00 1.004221e+00 1.500001e+00 1.000001e+00 7.176000e+02
*** id time(min) flow(m3/s) wet_a(m2) depth(m) surf_elev(m)
1   5.00 1.250000e+00 9.311164e+01 1.769084e+01 7.176908e+02
2   5.00 1.182911e+00 1.176267e+02 1.437053e+01 7.176905e+02
3   5.00 1.115732e+00 5.354670e+01 1.105021e+01 7.176902e+02
4   5.00 1.069314e+00 3.760367e+01 7.729681e+00 7.176897e+02
5   5.00 1.025256e+00 1.412500e+01 4.408327e+00 7.176884e+02
6   5.00 1.008797e+00 1.500001e+00 1.000001e+00 7.176000e+02
*** id time(min) flow(m3/s) wet_a(m2) depth(m) surf_elev(m)
1   6.00 1.300000e+00 9.311820e+01 1.769194e+01 7.176919e+02
2   6.00 1.221608e+00 1.176436e+02 1.437164e+01 7.176916e+02
3   6.00 1.142999e+00 5.355332e+01 1.105132e+01 7.176913e+02
4   6.00 1.088069e+00 3.761352e+01 7.730810e+00 7.176908e+02
5   6.00 1.035045e+00 1.413105e+01 4.409446e+00 7.176895e+02
6   6.00 1.014867e+00 1.500001e+00 1.000001e+00 7.176000e+02
*** id time(min) flow(m3/s) wet_a(m2) depth(m) surf_elev(m)
1   7.00 1.350000e+00 9.312577e+01 1.769322e+01 7.176932e+02
2   7.00 1.259506e+00 1.176632e+02 1.437291e+01 7.176929e+02
3   7.00 1.168860e+00 5.356094e+01 1.105260e+01 7.176926e+02
4   7.00 1.105855e+00 3.762480e+01 7.732102e+00 7.176921e+02
5   7.00 1.045142e+00 1.413799e+01 4.410728e+00 7.176908e+02
6   7.00 1.022024e+00 1.500001e+00 1.000001e+00 7.176000e+02
*** id time(min) flow(m3/s) wet_a(m2) depth(m) surf_elev(m)
1   8.00 1.400000e+00 9.313439e+01 1.769466e+01 7.176947e+02
2   8.00 1.297140e+00 1.176854e+02 1.437436e+01 7.176944e+02
3   8.00 1.194281e+00 5.356956e+01 1.105404e+01 7.176941e+02
4   8.00 1.123451e+00 3.763743e+01 7.733548e+00 7.176936e+02
5   8.00 1.055679e+00 1.414569e+01 4.412152e+00 7.176922e+02
6   8.00 1.030002e+00 1.500001e+00 1.000001e+00 7.176000e+02
*** id time(min) flow(m3/s) wet_a(m2) depth(m) surf_elev(m)
1   9.00 1.450000e+00 9.314404e+01 1.769628e+01 7.176963e+02
2   9.00 1.334999e+00 1.177103e+02 1.437597e+01 7.176960e+02
3   9.00 1.220141e+00 5.357916e+01 1.105566e+01 7.176957e+02
4   9.00 1.141598e+00 3.765139e+01 7.735146e+00 7.176952e+02
5   9.00 1.066878e+00 1.415414e+01 4.413713e+00 7.176937e+02
6   9.00 1.038697e+00 1.500001e+00 1.000001e+00 7.176000e+02
*** id time(min) flow(m3/s) wet_a(m2) depth(m) surf_elev(m)
1  10.00 1.500000e+00 9.315466e+01 1.769806e+01 7.176981e+02
2  10.00 1.373346e+00 1.177377e+02 1.437775e+01 7.176978e+02
3  10.00 1.246914e+00 5.358972e+01 1.105743e+01 7.176974e+02
4  10.00 1.160711e+00 3.766669e+01 7.736898e+00 7.176969e+02
5  10.00 1.078906e+00 1.416338e+01 4.415420e+00 7.176954e+02
6  10.00 1.048115e+00 1.500001e+00 1.000001e+00 7.176000e+02
*** id time(min) flow(m3/s) wet_a(m2) depth(m) surf_elev(m)
1  11.00 1.550000e+00 9.316622e+01 1.770000e+01 7.177000e+02
2  11.00 1.412215e+00 1.177674e+02 1.437969e+01 7.176997e+02
3  11.00 1.274666e+00 5.360121e+01 1.105936e+01 7.176994e+02
4  11.00 1.180862e+00 3.768335e+01 7.738804e+00 7.176988e+02
5  11.00 1.091818e+00 1.417344e+01 4.417276e+00 7.176973e+02
6  11.00 1.058294e+00 1.500001e+00 1.000001e+00 7.176000e+02
*** id time(min) flow(m3/s) wet_a(m2) depth(m) surf_elev(m)
1  12.00 1.600000e+00 9.317867e+01 1.770209e+01 7.177021e+02
2  12.00 1.451500e+00 1.177995e+02 1.438178e+01 7.177018e+02
3  12.00 1.303210e+00 5.361359e+01 1.106143e+01 7.177014e+02
4  12.00 1.201909e+00 3.770135e+01 7.740864e+00 7.177009e+02
5  12.00 1.105580e+00 1.418433e+01 4.419287e+00 7.176993e+02
6  12.00 1.069259e+00 1.500001e+00 1.000001e+00 7.176000e+02
*** id time(min) flow(m3/s) wet_a(m2) depth(m) surf_elev(m)
1  13.00 1.650000e+00 9.319199e+01 1.770433e+01 7.177043e+02
2  13.00 1.491063e+00 1.178339e+02 1.438401e+01 7.177040e+02
3  13.00 1.332300e+00 5.362686e+01 1.106366e+01 7.177037e+02
4  13.00 1.223641e+00 3.772068e+01 7.743075e+00 7.177031e+02
5  13.00 1.120110e+00 1.419607e+01 4.421452e+00 7.177015e+02
6  13.00 1.081006e+00 1.500001e+00 1.000001e+00 7.176000e+02
*** id time(min) flow(m3/s) wet_a(m2) depth(m) surf_elev(m)
1  14.00 1.700000e+00 9.320617e+01 1.770671e+01 7.177067e+02
2  14.00 1.530800e+00 1.178705e+02 1.438639e+01 7.177064e+02
3  14.00 1.361748e+00 5.364100e+01 1.106603e+01 7.177060e+02
4  14.00 1.245888e+00 3.774130e+01 7.745434e+00 7.177055e+02
5  14.00 1.135321e+00 1.420861e+01 4.423766e+00 7.177038e+02
6  14.00 1.093499e+00 1.500001e+00 1.000001e+00 7.176000e+02
*** id time(min) flow(m3/s) wet_a(m2) depth(m) surf_elev(m)
1  15.00 1.750000e+00 9.322119e+01 1.770923e+01 7.177092e+02
2  15.00 1.570663e+00 1.179093e+02 1.438891e+01 7.177089e+02
3  15.00 1.391462e+00 5.365598e+01 1.106855e+01 7.177086e+02
4  15.00 1.268556e+00 3.776319e+01 7.747936e+00 7.177080e+02
5  15.00 1.151144e+00 1.422195e+01 4.426224e+00 7.177063e+02
6  15.00 1.106690e+00 1.500001e+00 1.000001e+00 7.176000e+02
*** id time(min) flow(m3/s) wet_a(m2) depth(m) surf_elev(m)
1  16.00 1.800000e+00 9.323706e+01 1.771189e+01 7.177119e+02
2  16.00 1.610647e+00 1.179502e+02 1.439157e+01 7.177116e+02
3  16.00 1.421431e+00 5.367180e+01 1.107120e+01 7.177112e+02
4  16.00 1.291619e+00 3.778631e+01 7.750579e+00 7.177106e+02
5  16.00 1.167536e+00 1.423605e+01 4.428822e+00 7.177089e+02
6  16.00 1.120528e+00 1.500001e+00 1.000001e+00 7.176000e+02
*** id time(min) flow(m3/s) wet_a(m2) depth(m) surf_elev(m)
1  17.00 1.850000e+00 9.325374e+01 1.771469e+01 7.177147e+02
2  17.00 1.650769e+00 1.179933e+02 1.439437e+01 7.177144e+02
3  17.00 1.451682e+00 5.368845e+01 1.107400e+01 7.177140e+02
4  17.00 1.315087e+00 3.781065e+01 7.753359e+00 7.177134e+02
5  17.00 1.184472e+00 1.425090e+01 4.431557e+00 7.177116e+02
6  17.00 1.134969e+00 1.500001e+00 1.000001e+00 7.176000e+02
*** id time(min) flow(m3/s) wet_a(m2) depth(m) surf_elev(m)
1  18.00 1.900000e+00 9.327124e+01 1.771763e+01 7.177176e+02
2  18.00 1.691047e+00 1.180385e+02 1.439730e+01 7.177173e+02
3  18.00 1.482246e+00 5.370590e+01 1.107693e+01 7.177169e+02
4  18.00 1.338977e+00 3.783617e+01 7.756275e+00 7.177163e+02
5  18.00 1.201933e+00 1.426649e+01 4.434426e+00 7.177145e+02
6  18.00 1.149978e+00 1.500001e+00 1.000001e+00 7.176000e+02
*** id time(min) flow(m3/s) wet_a(m2) depth(m) surf_elev(m)
1  19.00 1.950000e+00 9.328954e+01 1.772070e+01 7.177207e+02
2  19.00 1.731488e+00 1.180857e+02 1.440037e+01 7.177204e+02
3  19.00 1.513133e+00 5.372415e+01 1.107999e+01 7.177200e+02
4  19.00 1.363290e+00 3.786288e+01 7.759324e+00 7.177193e+02
5  19.00 1.219904e+00 1.428280e+01 4.437427e+00 7.177175e+02
6  19.00 1.165525e+00 1.500001e+00 1.000001e+00 7.176000e+02
*** id time(min) flow(m3/s) wet_a(m2) depth(m) surf_elev(m)
1  20.00 2.000000e+00 9.330862e+01 1.772391e+01 7.177239e+02
2  20.00 1.772089e+00 1.181350e+02 1.440357e+01 7.177236e+02
3  20.00 1.544337e+00 5.374319e+01 1.108319e+01 7.177232e+02
4  20.00 1.388015e+00 3.789074e+01 7.762504e+00 7.177225e+02
5  20.00 1.238362e+00 1.429983e+01 4.440558e+00 7.177206e+02
6  20.00 1.181586e+00 1.500001e+00 1.000001e+00 7.176000e+02
*** id time(min) flow(m3/s) wet_a(m2) depth(m) surf_elev(m)
1  21.00 2.100000e+00 9.333159e+01 1.772776e+01 7.177278e+02
2  21.00 1.838041e+00 1.181906e+02 1.440718e+01 7.177272e+02
3  21.00 1.583675e+00 5.376388e+01 1.108666e+01 7.177267e+02
4  21.00 1.416008e+00 3.792035e+01 7.765882e+00 7.177259e+02
5  21.00 1.257735e+00 1.431771e+01 4.443843e+00 7.177239e+02
6  21.00 1.198153e+00 1.500001e+00 1.000001e+00 7.176000e+02
*** id time(min) flow(m3/s) wet_a(m2) depth(m) surf_elev(m)
1  22.00 2.200000e+00 9.335549e+01 1.773177e+01 7.177318e+02
2  22.00 1.916521e+00 1.182518e+02 1.441115e+01 7.177312e+02
3  22.00 1.636050e+00 5.378688e+01 1.109052e+01 7.177305e+02
4  22.00 1.451381e+00 3.795275e+01 7.769578e+00 7.177296e+02
5  22.00 1.279391e+00 1.433690e+01 4.447368e+00 7.177274e+02
6  22.00 1.215405e+00 1.500001e+00 1.000001e+00 7.176000e+02
*** id time(min) flow(m3/s) wet_a(m2) depth(m) surf_elev(m)
1  23.00 2.300000e+00 9.338085e+01 1.773603e+01 7.177360e+02
2  23.00 1.997474e+00 1.183172e+02 1.441539e+01 7.177354e+02
3  23.00 1.696141e+00 5.381187e+01 1.109471e+01 7.177347e+02
4  23.00 1.493850e+00 3.798844e+01 7.773647e+00 7.177337e+02
5  23.00 1.304380e+00 1.435805e+01 4.451248e+00 7.177313e+02
6  23.00 1.233883e+00 1.500001e+00 1.000001e+00 7.176000e+02
*** id time(min) flow(m3/s) wet_a(m2) depth(m) surf_elev(m)
1  24.00 2.400000e+00 9.340772e+01 1.774054e+01 7.177405e+02
2  24.00 2.078906e+00 1.183866e+02 1.441990e+01 7.177399e+02
3  24.00 1.758291e+00 5.383860e+01 1.109920e+01 7.177392e+02
4  24.00 1.539652e+00 3.802730e+01 7.778075e+00 7.177381e+02
5  24.00 1.332128e+00 1.438145e+01 4.455538e+00 7.177356e+02
6  24.00 1.254144e+00 1.500001e+00 1.000001e+00 7.176000e+02
*** id time(min) flow(m3/s) wet_a(m2) depth(m) surf_elev(m)
1  25.00 2.500000e+00 9.343618e+01 1.774531e+01 7.177453e+02
2  25.00 2.159741e+00 1.184603e+02 1.442467e+01 7.177447e+02
3  25.00 1.819585e+00 5.386703e+01 1.110397e+01 7.177440e+02
4  25.00 1.585591e+00 3.806907e+01 7.782833e+00 7.177429e+02
5  25.00 1.361305e+00 1.440696e+01 4.460212e+00 7.177402e+02
6  25.00 1.276264e+00 1.500001e+00 1.000001e+00 7.176000e+02
*** id time(min) flow(m3/s) wet_a(m2) depth(m) surf_elev(m)
1  26.00 2.600000e+00 9.346631e+01 1.775037e+01 7.177504e+02
2  26.00 2.239559e+00 1.185383e+02 1.442973e+01 7.177497e+02
3  26.00 1.879089e+00 5.389717e+01 1.110903e+01 7.177490e+02
4  26.00 1.630394e+00 3.811354e+01 7.787894e+00 7.177479e+02
5  26.00 1.391034e+00 1.443430e+01 4.465217e+00 7.177452e+02
6  26.00 1.299905e+00 1.500001e+00 1.000001e+00 7.176000e+02
*** id time(min) flow(m3/s) wet_a(m2) depth(m) surf_elev(m)
1  27.00 2.700000e+00 9.349819e+01 1.775572e+01 7.177557e+02
2  27.00 2.318575e+00 1.186208e+02 1.443508e+01 7.177551e+02
3  27.00 1.937181e+00 5.392904e+01 1.111438e+01 7.177544e+02
4  27.00 1.674234e+00 3.816056e+01 7.793243e+00 7.177533e+02
5  27.00 1.421098e+00 1.446323e+01 4.470507e+00 7.177505e+02
6  27.00 1.324676e+00 1.500001e+00 1.000001e+00 7.176000e+02
*** id time(min) flow(m3/s) wet_a(m2) depth(m) surf_elev(m)
1  28.00 2.800000e+00 9.353184e+01 1.776137e+01 7.177614e+02
2  28.00 2.397318e+00 1.187080e+02 1.444072e+01 7.177607e+02
3  28.00 1.994823e+00 5.396264e+01 1.112002e+01 7.177600e+02
4  28.00 1.717895e+00 3.821004e+01 7.798868e+00 7.177589e+02
5  28.00 1.451644e+00 1.449362e+01 4.476060e+00 7.177561e+02
6  28.00 1.350326e+00 1.500001e+00 1.000001e+00 7.176000e+02
*** id time(min) flow(m3/s) wet_a(m2) depth(m) surf_elev(m)
1  29.00 2.900000e+00 9.356725e+01 1.776731e+01 7.177673e+02
2  29.00 2.476289e+00 1.187997e+02 1.444666e+01 7.177667e+02
3  29.00 2.052915e+00 5.399795e+01 1.112595e+01 7.177660e+02
4  29.00 1.762138e+00 3.826196e+01 7.804767e+00 7.177648e+02
5  29.00 1.482904e+00 1.452547e+01 4.481873e+00 7.177619e+02
6  29.00 1.376751e+00 1.500001e+00 1.000001e+00 7.176000e+02
*** id time(min) flow(m3/s) wet_a(m2) depth(m) surf_elev(m)
1  30.00 3.000000e+00 9.360437e+01 1.777354e+01 7.177735e+02
2  30.00 2.555765e+00 1.188958e+02 1.445288e+01 7.177729e+02
3  30.00 2.111956e+00 5.403494e+01 1.113215e+01 7.177722e+02
4  30.00 1.807395e+00 3.831634e+01 7.810941e+00 7.177710e+02
5  30.00 1.515037e+00 1.455880e+01 4.487950e+00 7.177680e+02
6  30.00 1.403941e+00 1.500001e+00 1.000001e+00 7.176000e+02
*** id time(min) flow(m3/s) wet_a(m2) depth(m) surf_elev(m)
1  31.00 3.100000e+00 9.364315e+01 1.778005e+01 7.177801e+02
2  31.00 2.635786e+00 1.189963e+02 1.445939e+01 7.177794e+02
3  31.00 2.172020e+00 5.407358e+01 1.113864e+01 7.177787e+02
4  31.00 1.853741e+00 3.837318e+01 7.817390e+00 7.177774e+02
5  31.00 1.548088e+00 1.459365e+01 4.494297e+00 7.177743e+02
6  31.00 1.431910e+00 1.500001e+00 1.000001e+00 7.176000e+02
*** id time(min) flow(m3/s) wet_a(m2) depth(m) surf_elev(m)
1  32.00 3.200000e+00 9.368354e+01 1.778683e+01 7.177868e+02
2  32.00 2.716244e+00 1.191010e+02 1.446616e+01 7.177862e+02
3  32.00 2.232917e+00 5.411384e+01 1.114540e+01 7.177854e+02
4  32.00 1.901021e+00 3.843249e+01 7.824113e+00 7.177841e+02
5  32.00 1.582003e+00 1.463005e+01 4.500919e+00 7.177809e+02
6  32.00 1.460664e+00 1.500001e+00 1.000001e+00 7.176000e+02
*** id time(min) flow(m3/s) wet_a(m2) depth(m) surf_elev(m)
1  33.00 3.300000e+00 9.372552e+01 1.779388e+01 7.177939e+02
2  33.00 2.796994e+00 1.192100e+02 1.447320e+01 7.177932e+02
3  33.00 2.294386e+00 5.415571e+01 1.115242e+01 7.177924e+02
4  33.00 1.949009e+00 3.849423e+01 7.831108e+00 7.177911e+02
5  33.00 1.616683e+00 1.466800e+01 4.507813e+00 7.177878e+02
6  33.00 1.490182e+00 1.500001e+00 1.000001e+00 7.176000e+02
*** id time(min) flow(m3/s) wet_a(m2) depth(m) surf_elev(m)
1  34.00 3.400000e+00 9.376908e+01 1.780119e+01 7.178012e+02
2  34.00 2.877923e+00 1.193230e+02 1.448050e+01 7.178005e+02
3  34.00 2.356220e+00 5.419916e+01 1.115972e+01 7.177997e+02
4  34.00 1.997516e+00 3.855840e+01 7.838371e+00 7.177984e+02
5  34.00 1.652030e+00 1.470749e+01 4.514977e+00 7.177950e+02
6  34.00 1.520422e+00 1.500001e+00 1.000001e+00 7.176000e+02
*** id time(min) flow(m3/s) wet_a(m2) depth(m) surf_elev(m)
1  35.00 3.500000e+00 9.381421e+01 1.780876e+01 7.178088e+02
2  35.00 2.958976e+00 1.194402e+02 1.448807e+01 7.178081e+02
3  35.00 2.418320e+00 5.424417e+01 1.116727e+01 7.178073e+02
4  35.00 2.046442e+00 3.862495e+01 7.845897e+00 7.178059e+02
5  35.00 1.687972e+00 1.474848e+01 4.522405e+00 7.178024e+02
6  35.00 1.551333e+00 1.500001e+00 1.000001e+00 7.176000e+02
*** id time(min) flow(m3/s) wet_a(m2) depth(m) surf_elev(m)
1  36.00 3.600000e+00 9.386089e+01 1.781660e+01 7.178166e+02
2  36.00 3.040150e+00 1.195615e+02 1.449590e+01 7.178159e+02
3  36.00 2.480673e+00 5.429074e+01 1.117509e+01 7.178151e+02
4  36.00 2.095760e+00 3.869385e+01 7.853683e+00 7.178137e+02
5  36.00 1.724466e+00 1.479096e+01 4.530092e+00 7.178101e+02
6  36.00 1.582868e+00 1.500001e+00 1.000001e+00 7.176000e+02
*** id time(min) flow(m3/s) wet_a(m2) depth(m) surf_elev(m)
1  37.00 3.700000e+00 9.390910e+01 1.782469e+01 7.178247e+02
2  37.00 3.121462e+00 1.196868e+02 1.450399e+01 7.178240e+02
3  37.00 2.543311e+00 5.433884e+01 1.118316e+01 7.178232e+02
4  37.00 2.145486e+00 3.876510e+01 7.861727e+00 7.178217e+02
5  37.00 1.761492e+00 1.483491e+01 4.538034e+00 7.178181e+02
6  37.00 1.614985e+00 1.500001e+00 1.000001e+00 7.176000e+02
*** id time(min) flow(m3/s) wet_a(m2) depth(m) surf_elev(m)
1  38.00 3.800000e+00 9.395885e+01 1.783304e+01 7.178330e+02
2  38.00 3.202934e+00 1.198162e+02 1.451233e+01 7.178323e+02
3  38.00 2.606270e+00 5.438846e+01 1.119149e+01 7.178315e+02
4  38.00 2.195643e+00 3.883867e+01 7.870024e+00 7.178300e+02
5  38.00 1.799038e+00 1.488032e+01 4.546229e+00 7.178263e+02
6  38.00 1.647653e+00 1.500001e+00 1.000001e+00 7.176000e+02
*** id time(min) flow(m3/s) wet_a(m2) depth(m) surf_elev(m)
1  39.00 3.900000e+00 9.401010e+01 1.784164e+01 7.178416e+02
2  39.00 3.284577e+00 1.199496e+02 1.452093e+01 7.178409e+02
3  39.00 2.669568e+00 5.443959e+01 1.120007e+01 7.178401e+02
4  39.00 2.246239e+00 3.891454e+01 7.878574e+00 7.178386e+02
5  39.00 1.837091e+00 1.492720e+01 4.554673e+00 7.178347e+02
6  39.00 1.680847e+00 1.500001e+00 1.000001e+00 7.176000e+02
*** id time(min) flow(m3/s) wet_a(m2) depth(m) surf_elev(m)
1  40.00 4.000000e+00 9.406284e+01 1.785049e+01 7.178505e+02
2  40.00 3.366390e+00 1.200869e+02 1.452977e+01 7.178498e+02
3  40.00 2.733201e+00 5.449220e+01 1.120890e+01 7.178489e+02
4  40.00 2.297261e+00 3.899270e+01 7.887373e+00 7.178474e+02
5  40.00 1.875631e+00 1.497552e+01 4.563366e+00 7.178434e+02
6  40.00 1.714546e+00 1.500001e+00 1.000001e+00 7.176000e+02
*** id time(min) flow(m3/s) wet_a(m2) depth(m) surf_elev(m)
1  41.00 4.200000e+00 9.412326e+01 1.786063e+01 7.178606e+02
2  41.00 3.498875e+00 1.202368e+02 1.453942e+01 7.178594e+02
3  41.00 2.812916e+00 5.454807e+01 1.121828e+01 7.178583e+02
4  41.00 2.354533e+00 3.907435e+01 7.896556e+00 7.178566e+02
5  41.00 1.915561e+00 1.502556e+01 4.572353e+00 7.178524e+02
6  41.00 1.748763e+00 1.500001e+00 1.000001e+00 7.176000e+02
*** id time(min) flow(m3/s) wet_a(m2) depth(m) surf_elev(m)
1  42.00 4.400000e+00 9.418548e+01 1.787108e+01 7.178711e+02
2  42.00 3.656135e+00 1.203978e+02 1.454978e+01 7.178698e+02
3  42.00 2.918413e+00 5.460845e+01 1.122841e+01 7.178684e+02
4  42.00 2.426277e+00 3.916161e+01 7.906358e+00 7.178664e+02
5  42.00 1.959619e+00 1.507830e+01 4.581810e+00 7.178618e+02
6  42.00 1.783817e+00 1.500001e+00 1.000001e+00 7.176000e+02
*** id time(min) flow(m3/s) wet_a(m2) depth(m) surf_elev(m)
1  43.00 4.600000e+00 9.425056e+01 1.788200e+01 7.178820e+02
2  43.00 3.818174e+00 1.205672e+02 1.456067e+01 7.178807e+02
3  43.00 3.038966e+00 5.467275e+01 1.123920e+01 7.178792e+02
4  43.00 2.511739e+00 3.925548e+01 7.916892e+00 7.178769e+02
5  43.00 2.009702e+00 1.513504e+01 4.591966e+00 7.178720e+02
6  43.00 1.820572e+00 1.500001e+00 1.000001e+00 7.176000e+02
*** id time(min) flow(m3/s) wet_a(m2) depth(m) surf_elev(m)
1  44.00 4.800000e+00 9.431865e+01 1.789343e+01 7.178934e+02
2  44.00 3.981005e+00 1.207448e+02 1.457208e+01 7.178921e+02
3  44.00 3.163245e+00 5.474046e+01 1.125057e+01 7.178906e+02
4  44.00 2.603238e+00 3.935577e+01 7.928132e+00 7.178882e+02
5  44.00 2.064394e+00 1.519640e+01 4.602929e+00 7.178830e+02
6  44.00 1.859851e+00 1.500001e+00 1.000001e+00 7.176000e+02
*** id time(min) flow(m3/s) wet_a(m2) depth(m) surf_elev(m)
1  45.00 5.000000e+00 9.438986e+01 1.790538e+01 7.179054e+02
2  45.00 4.142440e+00 1.209309e+02 1.458402e+01 7.179040e+02
3  45.00 3.285369e+00 5.481153e+01 1.126250e+01 7.179025e+02
4  45.00 2.694303e+00 3.946202e+01 7.940025e+00 7.179000e+02
5  45.00 2.120928e+00 1.526217e+01 4.614654e+00 7.178947e+02
6  45.00 1.901715e+00 1.500001e+00 1.000001e+00 7.176000e+02
*** id time(min) flow(m3/s) wet_a(m2) depth(m) surf_elev(m)
1  46.00 5.200000e+00 9.446442e+01 1.791790e+01 7.179179e+02
2  46.00 4.301605e+00 1.211259e+02 1.459653e+01 7.179165e+02
3  46.00 3.403428e+00 5.488602e+01 1.127500e+01 7.179150e+02
4  46.00 2.782404e+00 3.957384e+01 7.952524e+00 7.179125e+02
5  46.00 2.177652e+00 1.533177e+01 4.627038e+00 7.179071e+02
6  46.00 1.945631e+00 1.500001e+00 1.000001e+00 7.176000e+02
*** id time(min) flow(m3/s) wet_a(m2) depth(m) surf_elev(m)
1  47.00 5.400000e+00 9.454247e+01 1.793100e+01 7.179310e+02
2  47.00 4.458934e+00 1.213301e+02 1.460962e+01 7.179296e+02
3  47.00 3.518207e+00 5.496397e+01 1.128808e+01 7.179281e+02
4  47.00 2.867985e+00 3.969095e+01 7.965596e+00 7.179256e+02
5  47.00 2.234321e+00 1.540476e+01 4.639993e+00 7.179200e+02
6  47.00 1.991039e+00 1.500001e+00 1.000001e+00 7.176000e+02
*** id time(min) flow(m3/s) wet_a(m2) depth(m) surf_elev(m)
1  48.00 5.600000e+00 9.462409e+01 1.794470e+01 7.179447e+02
2  48.00 4.615530e+00 1.215439e+02 1.462331e+01 7.179433e+02
3  48.00 3.631719e+00 5.504539e+01 1.130175e+01 7.179418e+02
4  48.00 2.952754e+00 3.981322e+01 7.979223e+00 7.179392e+02
5  48.00 2.291400e+00 1.548090e+01 4.653476e+00 7.179335e+02
6  48.00 2.037611e+00 1.500001e+00 1.000001e+00 7.176000e+02
*** id time(min) flow(m3/s) wet_a(m2) depth(m) surf_elev(m)
1  49.00 5.800000e+00 9.470924e+01 1.795899e+01 7.179590e+02
2  49.00 4.772446e+00 1.217670e+02 1.463758e+01 7.179576e+02
3  49.00 3.745869e+00 5.513025e+01 1.131599e+01 7.179560e+02
4  49.00 3.038348e+00 3.994063e+01 7.993400e+00 7.179534e+02
5  49.00 2.349460e+00 1.556016e+01 4.667479e+00 7.179475e+02
6  49.00 2.085242e+00 1.500001e+00 1.000001e+00 7.176000e+02
*** id time(min) flow(m3/s) wet_a(m2) depth(m) surf_elev(m)
1  50.00 6.000000e+00 9.479783e+01 1.797386e+01 7.179739e+02
2  50.00 4.930279e+00 1.219993e+02 1.465243e+01 7.179724e+02
3  50.00 3.861730e+00 5.521848e+01 1.133080e+01 7.179708e+02
4  50.00 3.125706e+00 4.007319e+01 8.008129e+00 7.179682e+02
5  50.00 2.408881e+00 1.564264e+01 4.682013e+00 7.179620e+02
6  50.00 2.133953e+00 1.500001e+00 1.000001e+00 7.176000e+02
*** id time(min) flow(m3/s) wet_a(m2) depth(m) surf_elev(m)
1  51.00 6.200000e+00 9.488976e+01 1.798929e+01 7.179893e+02
2  51.00 5.089130e+00 1.222406e+02 1.466784e+01 7.179878e+02
3  51.00 3.979495e+00 5.531005e+01 1.134617e+01 7.179862e+02
4  51.00 3.215024e+00 4.021097e+01 8.023411e+00 7.179834e+02
5  51.00 2.469778e+00 1.572843e+01 4.697093e+00 7.179771e+02
6  51.00 2.183792e+00 1.500001e+00 1.000001e+00 7.176000e+02
*** id time(min) flow(m3/s) wet_a(m2) depth(m) surf_elev(m)
1  52.00 6.400000e+00 9.498496e+01 1.800526e+01 7.180053e+02
2  52.00 5.248796e+00 1.224908e+02 1.468380e+01 7.180038e+02
3  52.00 4.098802e+00 5.540488e+01 1.136209e+01 7.180021e+02
4  52.00 3.306012e+00 4.035397e+01 8.039245e+00 7.179993e+02
5  52.00 2.532063e+00 1.581762e+01 4.712726e+00 7.179928e+02
6  52.00 2.234786e+00 1.500001e+00 1.000001e+00 7.176000e+02
*** id time(min) flow(m3/s) wet_a(m2) depth(m) surf_elev(m)
1  53.00 6.600000e+00 9.508337e+01 1.802178e+01 7.180218e+02
2  53.00 5.408988e+00 1.227497e+02 1.470030e+01 7.180203e+02
3  53.00 4.219134e+00 5.550295e+01 1.137855e+01 7.180186e+02
4  53.00 3.398227e+00 4.050218e+01 8.055626e+00 7.180156e+02
5  53.00 2.595563e+00 1.591021e+01 4.728912e+00 7.180089e+02
6  53.00 2.286924e+00 1.500001e+00 1.000001e+00 7.176000e+02
*** id time(min) flow(m3/s) wet_a(m2) depth(m) surf_elev(m)
1  54.00 6.800000e+00 9.518496e+01 1.803883e+01 7.180388e+02
2  54.00 5.569483e+00 1.230172e+02 1.471733e+01 7.180373e+02
3  54.00 4.340088e+00 5.560420e+01 1.139554e+01 7.180356e+02
4  54.00 3.491313e+00 4.065556e+01 8.072547e+00 7.180326e+02
5  54.00 2.660112e+00 1.600619e+01 4.745641e+00 7.180257e+02
6  54.00 2.340162e+00 1.500001e+00 1.000001e+00 7.176000e+02
*** id time(min) flow(m3/s) wet_a(m2) depth(m) surf_elev(m)
1  55.00 7.000000e+00 9.528972e+01 1.805641e+01 7.180564e+02
2  55.00 5.730180e+00 1.232934e+02 1.473489e+01 7.180549e+02
3  55.00 4.461474e+00 5.570862e+01 1.141307e+01 7.180531e+02
4  55.00 3.585086e+00 4.081406e+01 8.090001e+00 7.180500e+02
5  55.00 2.725601e+00 1.610554e+01 4.762905e+00 7.180429e+02
6  55.00 2.394445e+00 1.500001e+00 1.000001e+00 7.176000e+02
*** id time(min) flow(m3/s) wet_a(m2) depth(m) surf_elev(m)
1  56.00 7.200000e+00 9.539761e+01 1.807452e+01 7.180745e+02
2  56.00 5.891071e+00 1.235782e+02 1.475298e+01 7.180730e+02
3  56.00 4.583276e+00 5.581617e+01 1.143112e+01 7.180711e+02
4  56.00 3.679501e+00 4.097764e+01 8.107979e+00 7.180680e+02
5  56.00 2.791972e+00 1.620822e+01 4.780694e+00 7.180607e+02
6  56.00 2.449723e+00 1.500001e+00 1.000001e+00 7.176000e+02
*** id time(min) flow(m3/s) wet_a(m2) depth(m) surf_elev(m)
1  57.00 7.400000e+00 9.550860e+01 1.809315e+01 7.180932e+02
2  57.00 6.052203e+00 1.238716e+02 1.477159e+01 7.180916e+02
3  57.00 4.705574e+00 5.592682e+01 1.144969e+01 7.180897e+02
4  57.00 3.774626e+00 4.114628e+01 8.126475e+00 7.180865e+02
5  57.00 2.859227e+00 1.631420e+01 4.799000e+00 7.180790e+02
6  57.00 2.505950e+00 1.500001e+00 1.000001e+00 7.176000e+02
*** id time(min) flow(m3/s) wet_a(m2) depth(m) surf_elev(m)
1  58.00 7.600000e+00 9.562268e+01 1.811230e+01 7.181123e+02
2  58.00 6.213633e+00 1.241734e+02 1.479072e+01 7.181107e+02
3  58.00 4.828471e+00 5.604053e+01 1.146878e+01 7.181088e+02
4  58.00 3.870548e+00 4.131994e+01 8.145484e+00 7.181055e+02
5  58.00 2.927383e+00 1.642348e+01 4.817815e+00 7.180978e+02
6  58.00 2.563095e+00 1.500001e+00 1.000001e+00 7.176000e+02
*** id time(min) flow(m3/s) wet_a(m2) depth(m) surf_elev(m)
1  59.00 7.800000e+00 9.573980e+01 1.813196e+01 7.181320e+02
2  59.00 6.375401e+00 1.244837e+02 1.481035e+01 7.181304e+02
3  59.00 4.952041e+00 5.615728e+01 1.148837e+01 7.181284e+02
4  59.00 3.967327e+00 4.149861e+01 8.165000e+00 7.181250e+02
5  59.00 2.996450e+00 1.653608e+01 4.837136e+00 7.181172e+02
6  59.00 2.621137e+00 1.500001e+00 1.000001e+00 7.176000e+02
*** id time(min) flow(m3/s) wet_a(m2) depth(m) surf_elev(m)
1  60.00 8.000000e+00 9.585992e+01 1.815212e+01 7.181521e+02
2  60.00 6.537520e+00 1.248023e+02 1.483049e+01 7.181505e+02
3  60.00 5.076304e+00 5.627702e+01 1.150847e+01 7.181485e+02
4  60.00 4.064976e+00 4.168227e+01 8.185017e+00 7.181450e+02
5  60.00 3.066422e+00 1.665199e+01 4.856959e+00 7.181370e+02
6  60.00 2.680060e+00 1.500001e+00 1.000001e+00 7.176000e+02
*** id time(min) flow(m3/s) wet_a(m2) depth(m) surf_elev(m)
1  61.00 7.700000e+00 9.595263e+01 1.816768e+01 7.181677e+02
2  61.00 6.445966e+00 1.250858e+02 1.484839e+01 7.181684e+02
3  61.00 5.121105e+00 5.639098e+01 1.152760e+01 7.181676e+02
4  61.00 4.133081e+00 4.186471e+01 8.204858e+00 7.181649e+02
5  61.00 3.132299e+00 1.676978e+01 4.877035e+00 7.181571e+02
6  61.00 2.739660e+00 1.500001e+00 1.000001e+00 7.176000e+02
*** id time(min) flow(m3/s) wet_a(m2) depth(m) surf_elev(m)
1  62.00 7.400000e+00 9.604650e+01 1.818344e+01 7.181834e+02
2  62.00 6.232928e+00 1.253420e+02 1.486455e+01 7.181846e+02
3  62.00 5.038779e+00 5.649298e+01 1.154471e+01 7.181847e+02
4  62.00 4.130280e+00 4.203526e+01 8.223369e+00 7.181834e+02
5  62.00 3.180091e+00 1.688428e+01 4.896487e+00 7.181765e+02
6  62.00 2.798418e+00 1.500001e+00 1.000001e+00 7.176000e+02
*** id time(min) flow(m3/s) wet_a(m2) depth(m) surf_elev(m)
1  63.00 7.100000e+00 9.613637e+01 1.819852e+01 7.181985e+02
2  63.00 5.996906e+00 1.255831e+02 1.487974e+01 7.181997e+02
3  63.00 4.883520e+00 5.658593e+01 1.156032e+01 7.182003e+02
4  63.00 4.061741e+00 4.218884e+01 8.240004e+00 7.182000e+02
5  63.00 3.201322e+00 1.698883e+01 4.914192e+00 7.181942e+02
6  63.00 2.852827e+00 1.500001e+00 1.000001e+00 7.176000e+02
*** id time(min) flow(m3/s) wet_a(m2) depth(m) surf_elev(m)
1  64.00 6.800000e+00 9.622148e+01 1.821280e+01 7.182128e+02
2  64.00 5.757622e+00 1.258107e+02 1.489407e+01 7.182141e+02
3  64.00 4.711747e+00 5.667209e+01 1.157478e+01 7.182148e+02
4  64.00 3.966741e+00 4.232619e+01 8.254857e+00 7.182149e+02
5  64.00 3.204383e+00 1.708019e+01 4.929621e+00 7.182097e+02
6  64.00 2.899844e+00 1.500001e+00 1.000001e+00 7.176000e+02
*** id time(min) flow(m3/s) wet_a(m2) depth(m) surf_elev(m)
1  65.00 6.500000e+00 9.630107e+01 1.822616e+01 7.182262e+02
2  65.00 5.526332e+00 1.260232e+02 1.490743e+01 7.182274e+02
3  65.00 4.553071e+00 5.675156e+01 1.158812e+01 7.182281e+02
4  65.00 3.877740e+00 4.244931e+01 8.268151e+00 7.182282e+02
5  65.00 3.203323e+00 1.715939e+01 4.942963e+00 7.182230e+02
6  65.00 2.939325e+00 1.500001e+00 1.000001e+00 7.176000e+02
*** id time(min) flow(m3/s) wet_a(m2) depth(m) surf_elev(m)
1  66.00 6.200000e+00 9.637405e+01 1.823841e+01 7.182384e+02
2  66.00 5.307651e+00 1.262179e+02 1.491967e+01 7.182397e+02
3  66.00 4.417307e+00 5.682394e+01 1.160026e+01 7.182403e+02
4  66.00 3.807189e+00 4.255997e+01 8.280083e+00 7.182401e+02
5  66.00 3.205718e+00 1.722917e+01 4.954694e+00 7.182347e+02
6  66.00 2.973116e+00 1.500001e+00 1.000001e+00 7.176000e+02
*** id time(min) flow(m3/s) wet_a(m2) depth(m) surf_elev(m)
1  67.00 5.900000e+00 9.643947e+01 1.824939e+01 7.182494e+02
2  67.00 5.099450e+00 1.263927e+02 1.493064e+01 7.182506e+02
3  67.00 4.300528e+00 5.688887e+01 1.161116e+01 7.182512e+02
4  67.00 3.752495e+00 4.265945e+01 8.290796e+00 7.182508e+02
5  67.00 3.211983e+00 1.729185e+01 4.965210e+00 7.182452e+02
6  67.00 3.003061e+00 1.500001e+00 1.000001e+00 7.176000e+02
*** id time(min) flow(m3/s) wet_a(m2) depth(m) surf_elev(m)
1  68.00 5.600000e+00 9.649690e+01 1.825903e+01 7.182590e+02
2  68.00 4.896092e+00 1.265464e+02 1.494029e+01 7.182603e+02
3  68.00 4.192401e+00 5.694624e+01 1.162079e+01 7.182608e+02
4  68.00 3.704691e+00 4.274839e+01 8.300365e+00 7.182604e+02
5  68.00 3.219180e+00 1.734856e+01 4.974708e+00 7.182547e+02
6  68.00 3.030152e+00 1.500001e+00 1.000001e+00 7.176000e+02
*** id time(min) flow(m3/s) wet_a(m2) depth(m) surf_elev(m)
1  69.00 5.300000e+00 9.654641e+01 1.826734e+01 7.182673e+02
2  69.00 4.692133e+00 1.266793e+02 1.494862e+01 7.182686e+02
3  69.00 4.083051e+00 5.699611e+01 1.162916e+01 7.182692e+02
4  69.00 3.655193e+00 4.282688e+01 8.308800e+00 7.182688e+02
5  69.00 3.224082e+00 1.739940e+01 4.983211e+00 7.182632e+02
6  69.00 3.054602e+00 1.500001e+00 1.000001e+00 7.176000e+02
*** id time(min) flow(m3/s) wet_a(m2) depth(m) surf_elev(m)
1  70.00 5.000000e+00 9.658833e+01 1.827438e+01 7.182744e+02
2  70.00 4.484407e+00 1.267920e+02 1.495569e+01 7.182757e+02
3  70.00 3.966737e+00 5.703865e+01 1.163630e+01 7.182763e+02
4  70.00 3.598823e+00 4.289471e+01 8.316084e+00 7.182761e+02
5  70.00 3.224468e+00 1.744387e+01 4.990657e+00 7.182707e+02
6  70.00 3.076220e+00 1.500001e+00 1.000001e+00 7.176000e+02
*** id time(min) flow(m3/s) wet_a(m2) depth(m) surf_elev(m)
1  71.00 4.700000e+00 9.662306e+01 1.828021e+01 7.182802e+02
2  71.00 4.272285e+00 1.268856e+02 1.496155e+01 7.182816e+02
3  71.00 3.842304e+00 5.707406e+01 1.164224e+01 7.182823e+02
4  71.00 3.534570e+00 4.295162e+01 8.322191e+00 7.182822e+02
5  71.00 3.219769e+00 1.748141e+01 4.996957e+00 7.182770e+02
6  71.00 3.094657e+00 1.500001e+00 1.000001e+00 7.176000e+02
*** id time(min) flow(m3/s) wet_a(m2) depth(m) surf_elev(m)
1  72.00 4.400000e+00 9.665091e+01 1.828488e+01 7.182849e+02
2  72.00 4.056873e+00 1.269607e+02 1.496626e+01 7.182863e+02
3  72.00 3.711776e+00 5.710250e+01 1.164702e+01 7.182870e+02
4  72.00 3.464327e+00 4.299742e+01 8.327102e+00 7.182871e+02
5  72.00 3.210657e+00 1.751171e+01 5.002043e+00 7.182821e+02
6  72.00 3.109644e+00 1.500001e+00 1.000001e+00 7.176000e+02
*** id time(min) flow(m3/s) wet_a(m2) depth(m) surf_elev(m)
1  73.00 4.100000e+00 9.667201e+01 1.828842e+01 7.182884e+02
2  73.00 3.839803e+00 1.270177e+02 1.496982e+01 7.182898e+02
3  73.00 3.578091e+00 5.712406e+01 1.165064e+01 7.182907e+02
4  73.00 3.390496e+00 4.303214e+01 8.330824e+00 7.182908e+02
5  73.00 3.197960e+00 1.753475e+01 5.005911e+00 7.182859e+02
6  73.00 3.121153e+00 1.500001e+00 1.000001e+00 7.176000e+02
*** id time(min) flow(m3/s) wet_a(m2) depth(m) surf_elev(m)
1  74.00 3.800000e+00 9.668641e+01 1.829084e+01 7.182908e+02
2  74.00 3.622273e+00 1.270566e+02 1.497226e+01 7.182923e+02
3  74.00 3.443382e+00 5.713881e+01 1.165311e+01 7.182931e+02
4  74.00 3.314853e+00 4.305595e+01 8.333375e+00 7.182934e+02
5  74.00 3.182378e+00 1.755069e+01 5.008585e+00 7.182886e+02
6  74.00 3.129266e+00 1.500001e+00 1.000001e+00 7.176000e+02
*** id time(min) flow(m3/s) wet_a(m2) depth(m) surf_elev(m)
1  75.00 3.500000e+00 9.669410e+01 1.829213e+01 7.182921e+02
2  75.00 3.404741e+00 1.270775e+02 1.497357e+01 7.182936e+02
3  75.00 3.308483e+00 5.714680e+01 1.165445e+01 7.182945e+02
4  75.00 3.238150e+00 4.306906e+01 8.334780e+00 7.182948e+02
5  75.00 3.164284e+00 1.755974e+01 5.010104e+00 7.182901e+02
6  75.00 3.134122e+00 1.500001e+00 1.000001e+00 7.176000e+02
*** id time(min) flow(m3/s) wet_a(m2) depth(m) surf_elev(m)
1  76.00 3.200000e+00 9.669508e+01 1.829229e+01 7.182923e+02
2  76.00 3.187102e+00 1.270803e+02 1.497375e+01 7.182938e+02
3  76.00 3.173217e+00 5.714807e+01 1.165467e+01 7.182947e+02
4  76.00 3.160293e+00 4.307166e+01 8.335059e+00 7.182951e+02
5  76.00 3.143733e+00 1.756210e+01 5.010501e+00 7.182905e+02
6  76.00 3.135848e+00 1.500001e+00 1.000001e+00 7.176000e+02
*** id time(min) flow(m3/s) wet_a(m2) depth(m) surf_elev(m)
1  77.00 2.900000e+00 9.668938e+01 1.829134e+01 7.182913e+02
2  77.00 2.969001e+00 1.270653e+02 1.497281e+01 7.182928e+02
3  77.00 3.036957e+00 5.714269e+01 1.165376e+01 7.182938e+02
4  77.00 3.080777e+00 4.306390e+01 8.334227e+00 7.182942e+02
5  77.00 3.120593e+00 1.755792e+01 5.009799e+00 7.182898e+02
6  77.00 3.134532e+00 1.500001e+00 1.000001e+00 7.176000e+02
*** id time(min) flow(m3/s) wet_a(m2) depth(m) surf_elev(m)
1  78.00 2.600000e+00 9.667708e+01 1.828927e+01 7.182893e+02
2  78.00 2.750101e+00 1.270326e+02 1.497076e+01 7.182908e+02
3  78.00 2.899097e+00 5.713071e+01 1.165175e+01 7.182918e+02
4  78.00 2.999096e+00 4.304587e+01 8.332296e+00 7.182923e+02
5  78.00 3.094693e+00 1.754726e+01 5.008010e+00 7.182880e+02
6  78.00 3.130214e+00 1.500001e+00 1.000001e+00 7.176000e+02
*** id time(min) flow(m3/s) wet_a(m2) depth(m) surf_elev(m)
1  79.00 2.300000e+00 9.665824e+01 1.828611e+01 7.182861e+02
2  79.00 2.530210e+00 1.269824e+02 1.496762e+01 7.182876e+02
3  79.00 2.759296e+00 5.711221e+01 1.164865e+01 7.182887e+02
4  79.00 2.914953e+00 4.301768e+01 8.329274e+00 7.182893e+02
5  79.00 3.065924e+00 1.753017e+01 5.005141e+00 7.182852e+02
6  79.00 3.122907e+00 1.500001e+00 1.000001e+00 7.176000e+02
*** id time(min) flow(m3/s) wet_a(m2) depth(m) surf_elev(m)
1  80.00 2.000000e+00 9.663295e+01 1.828187e+01 7.182819e+02
2  80.00 2.309298e+00 1.269149e+02 1.496339e+01 7.182834e+02
3  80.00 2.617495e+00 5.708726e+01 1.164446e+01 7.182845e+02
4  80.00 2.828292e+00 4.297939e+01 8.325170e+00 7.182852e+02
5  80.00 3.034257e+00 1.750666e+01 5.001196e+00 7.182812e+02
6  80.00 3.112609e+00 1.500001e+00 1.000001e+00 7.176000e+02
*** id time(min) flow(m3/s) wet_a(m2) depth(m) surf_elev(m)
1  81.00 1.915000e+00 9.661419e+01 1.827872e+01 7.182787e+02
2  81.00 2.197203e+00 1.268490e+02 1.495926e+01 7.182793e+02
3  81.00 2.508828e+00 5.705966e+01 1.163983e+01 7.182798e+02
4  81.00 2.752654e+00 4.293384e+01 8.320283e+00 7.182803e+02
5  81.00 3.001961e+00 1.747743e+01 4.996289e+00 7.182763e+02
6  81.00 3.099415e+00 1.500001e+00 1.000001e+00 7.176000e+02
*** id time(min) flow(m3/s) wet_a(m2) depth(m) surf_elev(m)
1  82.00 1.830000e+00 9.658984e+01 1.827463e+01 7.182746e+02
2  82.00 2.136758e+00 1.267813e+02 1.495502e+01 7.182750e+02
3  82.00 2.454119e+00 5.703213e+01 1.163521e+01 7.182752e+02
4  82.00 2.706165e+00 4.288576e+01 8.315123e+00 7.182751e+02
5  82.00 2.975213e+00 1.744479e+01 4.990812e+00 7.182708e+02
6  82.00 3.083988e+00 1.500001e+00 1.000001e+00 7.176000e+02
*** id time(min) flow(m3/s) wet_a(m2) depth(m) surf_elev(m)
1  83.00 1.745000e+00 9.656216e+01 1.826998e+01 7.182700e+02
2  83.00 2.085610e+00 1.267068e+02 1.495035e+01 7.182704e+02
3  83.00 2.429546e+00 5.700346e+01 1.163039e+01 7.182704e+02
4  83.00 2.686145e+00 4.283745e+01 8.309935e+00 7.182700e+02
5  83.00 2.957506e+00 1.741169e+01 4.985265e+00 7.182653e+02
6  83.00 3.067841e+00 1.500001e+00 1.000001e+00 7.176000e+02
*** id time(min) flow(m3/s) wet_a(m2) depth(m) surf_elev(m)
1  84.00 1.660000e+00 9.653157e+01 1.826485e+01 7.182648e+02
2  84.00 2.034896e+00 1.266249e+02 1.494521e+01 7.182652e+02
3  84.00 2.410117e+00 5.697277e+01 1.162524e+01 7.182653e+02
4  84.00 2.675071e+00 4.278865e+01 8.304693e+00 7.182647e+02
5  84.00 2.945003e+00 1.737951e+01 4.979886e+00 7.182599e+02
6  84.00 3.052289e+00 1.500001e+00 1.000001e+00 7.176000e+02
*** id time(min) flow(m3/s) wet_a(m2) depth(m) surf_elev(m)
1  85.00 1.575000e+00 9.649847e+01 1.825929e+01 7.182593e+02
2  85.00 1.979588e+00 1.265367e+02 1.493968e+01 7.182597e+02
3  85.00 2.382839e+00 5.694008e+01 1.161976e+01 7.182598e+02
4  85.00 2.658986e+00 4.273850e+01 8.299301e+00 7.182593e+02
5  85.00 2.931790e+00 1.734782e+01 4.974585e+00 7.182546e+02
6  85.00 3.037420e+00 1.500001e+00 1.000001e+00 7.176000e+02
*** id time(min) flow(m3/s) wet_a(m2) depth(m) surf_elev(m)
1  86.00 1.490000e+00 9.646345e+01 1.825342e+01 7.182534e+02
2  86.00 1.917847e+00 1.264433e+02 1.493382e+01 7.182538e+02
3  86.00 2.343769e+00 5.690563e+01 1.161397e+01 7.182540e+02
4  86.00 2.632690e+00 4.268627e+01 8.293683e+00 7.182537e+02
5  86.00 2.914666e+00 1.731545e+01 4.969166e+00 7.182492e+02
6  86.00 3.022548e+00 1.500001e+00 1.000001e+00 7.176000e+02
*** id time(min) flow(m3/s) wet_a(m2) depth(m) surf_elev(m)
1  87.00 1.405000e+00 9.642696e+01 1.824729e+01 7.182473e+02
2  87.00 1.850836e+00 1.263461e+02 1.492772e+01 7.182477e+02
3  87.00 2.295019e+00 5.686963e+01 1.160793e+01 7.182479e+02
4  87.00 2.597608e+00 4.263149e+01 8.287787e+00 7.182478e+02
5  87.00 2.893584e+00 1.728144e+01 4.963466e+00 7.182435e+02
6  87.00 3.006948e+00 1.500001e+00 1.000001e+00 7.176000e+02
*** id time(min) flow(m3/s) wet_a(m2) depth(m) surf_elev(m)
1  88.00 1.320000e+00 9.638924e+01 1.824096e+01 7.182410e+02
2  88.00 1.781172e+00 1.262454e+02 1.492140e+01 7.182414e+02
3  88.00 2.241376e+00 5.683221e+01 1.160165e+01 7.182417e+02
4  88.00 2.557895e+00 4.257396e+01 8.281591e+00 7.182416e+02
5  88.00 2.869948e+00 1.724536e+01 4.957411e+00 7.182374e+02
6  88.00 2.990242e+00 1.500001e+00 1.000001e+00 7.176000e+02
*** id time(min) flow(m3/s) wet_a(m2) depth(m) surf_elev(m)
1  89.00 1.235000e+00 9.635031e+01 1.823443e+01 7.182344e+02
2  89.00 1.711285e+00 1.261415e+02 1.491487e+01 7.182349e+02
3  89.00 2.187259e+00 5.679337e+01 1.159513e+01 7.182351e+02
4  89.00 2.517413e+00 4.251375e+01 8.275102e+00 7.182351e+02
5  89.00 2.845245e+00 1.720722e+01 4.951005e+00 7.182310e+02
6  89.00 2.972384e+00 1.500001e+00 1.000001e+00 7.176000e+02
*** id time(min) flow(m3/s) wet_a(m2) depth(m) surf_elev(m)
1  90.00 1.150000e+00 9.631006e+01 1.822767e+01 7.182277e+02
2  90.00 1.642518e+00 1.260340e+02 1.490811e+01 7.182281e+02
3  90.00 2.135098e+00 5.675310e+01 1.158837e+01 7.182284e+02
4  90.00 2.478311e+00 4.245106e+01 8.268340e+00 7.182284e+02
5  90.00 2.820400e+00 1.716728e+01 4.944291e+00 7.182243e+02
6  90.00 2.953510e+00 1.500001e+00 1.000001e+00 7.176000e+02
*** id time(min) flow(m3/s) wet_a(m2) depth(m) surf_elev(m)
1  91.00 1.065000e+00 9.626836e+01 1.822067e+01 7.182207e+02
2  91.00 1.575060e+00 1.259227e+02 1.490111e+01 7.182211e+02
3  91.00 2.085247e+00 5.671137e+01 1.158137e+01 7.182214e+02
4  91.00 2.440963e+00 4.238608e+01 8.261326e+00 7.182213e+02
5  91.00 2.795684e+00 1.712585e+01 4.937316e+00 7.182173e+02
6  91.00 2.933800e+00 1.500001e+00 1.000001e+00 7.176000e+02
*** id time(min) flow(m3/s) wet_a(m2) depth(m) surf_elev(m)
1  92.00 9.800000e-01 9.622515e+01 1.821342e+01 7.182134e+02
2  92.00 1.508399e+00 1.258073e+02 1.489386e+01 7.182139e+02
3  92.00 2.036800e+00 5.666815e+01 1.157412e+01 7.182141e+02
4  92.00 2.404645e+00 4.231894e+01 8.254074e+00 7.182141e+02
5  92.00 2.770911e+00 1.708311e+01 4.930113e+00 7.182101e+02
6  92.00 2.913383e+00 1.500001e+00 1.000001e+00 7.176000e+02
*** id time(min) flow(m3/s) wet_a(m2) depth(m) surf_elev(m)
1  93.00 8.950000e-01 9.618040e+01 1.820591e+01 7.182059e+02
2  93.00 1.441857e+00 1.256880e+02 1.488635e+01 7.182064e+02
3  93.00 1.988539e+00 5.662345e+01 1.156661e+01 7.182066e+02
4  93.00 2.368337e+00 4.224970e+01 8.246588e+00 7.182066e+02
5  93.00 2.745729e+00 1.703913e+01 4.922692e+00 7.182027e+02
6  93.00 2.892311e+00 1.500001e+00 1.000001e+00 7.176000e+02
*** id time(min) flow(m3/s) wet_a(m2) depth(m) surf_elev(m)
1  94.00 8.100000e-01 9.613415e+01 1.819815e+01 7.181981e+02
2  94.00 1.374941e+00 1.255648e+02 1.487859e+01 7.181986e+02
3  94.00 1.939578e+00 5.657730e+01 1.155887e+01 7.181989e+02
4  94.00 2.331271e+00 4.217835e+01 8.238869e+00 7.181989e+02
5  94.00 2.719835e+00 1.699391e+01 4.915052e+00 7.181951e+02
6  94.00 2.870571e+00 1.500001e+00 1.000001e+00 7.176000e+02
*** id time(min) flow(m3/s) wet_a(m2) depth(m) surf_elev(m)
1  95.00 7.250000e-01 9.608645e+01 1.819014e+01 7.181901e+02
2  95.00 1.307462e+00 1.254378e+02 1.487059e+01 7.181906e+02
3  95.00 1.889568e+00 5.652970e+01 1.155088e+01 7.181909e+02
4  95.00 2.293128e+00 4.210488e+01 8.230913e+00 7.181909e+02
5  95.00 2.693077e+00 1.694740e+01 4.907182e+00 7.181872e+02
6  95.00 2.848121e+00 1.500001e+00 1.000001e+00 7.176000e+02
*** id time(min) flow(m3/s) wet_a(m2) depth(m) surf_elev(m)
1  96.00 6.400000e-01 9.603733e+01 1.818190e+01 7.181819e+02
2  96.00 1.239465e+00 1.253070e+02 1.486235e+01 7.181824e+02
3  96.00 1.838587e+00 5.648069e+01 1.154265e+01 7.181827e+02
4  96.00 2.253959e+00 4.202928e+01 8.222719e+00 7.181827e+02
5  96.00 2.665442e+00 1.689955e+01 4.899077e+00 7.181791e+02
6  96.00 2.824920e+00 1.500001e+00 1.000001e+00 7.176000e+02
*** id time(min) flow(m3/s) wet_a(m2) depth(m) surf_elev(m)
1  97.00 5.550000e-01 9.598684e+01 1.817342e+01 7.181734e+02
2  97.00 1.171106e+00 1.251727e+02 1.485388e+01 7.181739e+02
3  97.00 1.786915e+00 5.643029e+01 1.153419e+01 7.181742e+02
4  97.00 2.213989e+00 4.195156e+01 8.214289e+00 7.181743e+02
5  97.00 2.636998e+00 1.685037e+01 4.890733e+00 7.181708e+02
6  97.00 2.800942e+00 1.500001e+00 1.000001e+00 7.176000e+02
*** id time(min) flow(m3/s) wet_a(m2) depth(m) surf_elev(m)
1  98.00 4.700000e-01 9.593499e+01 1.816472e+01 7.181647e+02
2  98.00 1.102537e+00 1.250348e+02 1.484518e+01 7.181652e+02
3  98.00 1.734821e+00 5.637850e+01 1.152550e+01 7.181655e+02
4  98.00 2.173449e+00 4.187175e+01 8.205623e+00 7.181656e+02
5  98.00 2.607826e+00 1.679987e+01 4.882153e+00 7.181622e+02
6  98.00 2.776177e+00 1.500001e+00 1.000001e+00 7.176000e+02
*** id time(min) flow(m3/s) wet_a(m2) depth(m) surf_elev(m)
1  99.00 3.850000e-01 9.588177e+01 1.815579e+01 7.181558e+02
2  99.00 1.033844e+00 1.248934e+02 1.483625e+01 7.181563e+02
3  99.00 1.682461e+00 5.632536e+01 1.151658e+01 7.181566e+02
4  99.00 2.132473e+00 4.178989e+01 8.196727e+00 7.181567e+02
5  99.00 2.577983e+00 1.674807e+01 4.873340e+00 7.181534e+02
6  99.00 2.750631e+00 1.500001e+00 1.000001e+00 7.176000e+02
*** id time(min) flow(m3/s) wet_a(m2) depth(m) surf_elev(m)
1 100.00 3.000000e-01 9.582721e+01 1.814663e+01 7.181466e+02
2 100.00 9.650423e-01 1.247484e+02 1.482709e+01 7.181471e+02
3 100.00 1.629867e+00 5.627086e+01 1.150743e+01 7.181474e+02
4 100.00 2.091094e+00 4.170602e+01 8.187603e+00 7.181476e+02
5 100.00 2.547485e+00 1.669502e+01 4.864302e+00 7.181443e+02
6 100.00 2.724309e+00 1.500001e+00 1.000001e+00 7.176000e+02
